mean = [0.645832, 0.579004, 0.513855]
std = [0.294306, 0.299911, 0.329036]
